0.06
0.12
0.3
0.4
0.46
0.56
0.67
0.72
0.88
0.92
1.08
0.91
0.87
0.76
0.64
0.58
0.44
0.34
0.21
0.19
0.06
-0.02
-0.19
-0.21
-0.39
-0.46
-0.51
-0.69
-0.74
-0.86
-0.98
-0.88
-0.75
-0.68
-0.58
-0.49
-0.33
-0.21
-0.17
-0.04
0.01
0.11
0.27
0.38
0.47
0.51
0.65
0.72
0.85
0.96
1.01
0.91
0.85
0.72
0.7
0.56
0.46
0.39
0.27
0.12
0.02
-0.01
-0.16
-0.22
-0.4
-0.43
-0.51
-0.62
-0.75
-0.88
-0.97
-0.84
-0.77
-0.7
-0.56
-0.5
-0.39
-0.21
-0.18
-0.04
0.05
0.13
0.27
0.4
0.45
0.57
0.66
0.71
0.85
0.93
1.03
0.98
0.81
0.77
0.66
0.51
0.44
0.35
0.29
0.19
0.07
-0.08
-0.15
-0.29
-0.37
-0.41
-0.59
-0.66
-0.72
-0.87
-0.9
-0.87
-0.74
-0.63
-0.57
-0.49
-0.37
-0.21
-0.19
-0.02
0.01
0.14
0.26
0.32
0.42
0.52
0.64
0.75
0.87
0.93
1.04
0.94
0.85
0.8
0.65
0.58
0.49
0.36
0.22
0.17
0.09
-0.09
-0.1
-0.25
-0.32
-0.47
-0.54
-0.69
-0.79
-0.83
-0.91
-0.87
-0.78
-0.64
-0.55
-0.47
-0.32
-0.21
-0.12
-0.05
0.02
0.13
0.29
0.37
0.42
0.55
0.65
0.71
0.81
0.96
1.08
1
0.87
0.78
0.65
0.55
0.4
0.31
0.26
0.12
0.08
-0.05
-0.15
-0.21
-0.39
-0.4
-0.58
-0.61
-0.71
-0.89
-0.96
-0.89
-0.76
-0.67
-0.53
-0.44
-0.32
-0.28
-0.13
-0.02
0.08
0.15
0.28
0.35
0.43
0.53
0.6
0.73
0.84
0.96
1.05
0.92
0.81
0.8
0.61
0.52
0.5
0.34
0.21
0.19
0.05
-0.05
-0.11
-0.22
-0.32
-0.43
-0.56
-0.65
-0.71
-0.88
-0.96
-0.83
-0.73
-0.68
-0.58
-0.4
-0.35
-0.28
-0.17
-0.01
0.08
0.18
0.21
0.4
0.48
0.53
0.62
0.78
0.86
0.93
1.07
0.91
0.87
0.76
0.69
0.55
