-1.12085
0.420055
-0.11778
-0.0986182
-0.0947793
-0.0868346
-0.0747842
-0.0638338
0.266782
0.511744
0.671051
0.85331
0.331016
-0.00249355
-0.147219
-0.342529
0.0713795
0.322048
0.409477
0.540646
-0.324081
-0.92196
0.285364
1.00899
0.400335
0.148666
0.253977
0.263636
0.271451
0.27976
0.288563
0.297233
0.211884
0.151728
-0.0546828
-0.221905
1.16677
-0.604591
0.0052323
-0.0229815
-0.0260028
-0.0357744
-0.0522963
-0.0670095
-0.088473
-0.108128
-0.125974
-0.144304
-0.137443
-0.137331
-0.14397
-0.1488
-0.16038
-0.170152
-0.178115
-0.186562
-0.349062
-0.470284
0.725446
-0.788533
-0.249051
-0.259792
-0.271017
-0.282113
-0.228394
-0.192043
-0.173058
-0.14942
-0.143149
-0.132224
-0.116646
-0.102315
-0.10535
-0.103733
-0.0974614
-0.0924371
-0.0827593
-0.0743284
-0.0671444
-0.0596263
-0.0694751
-0.0746705
-0.0752124
-0.0770012
-0.0741365
-0.0725188
-0.0721479
-0.0714429
-0.0660845
-0.0619729
-0.0591083
-0.0559095
0.0869727
0.192427
-0.960039
0.479438
-0.0613574
-0.0715403
-0.0770698
-0.0838461
-0.085969
-0.0893388
-0.0939555
-0.0982381
-0.0978672
-0.0987432
-0.100866
-0.102655
-0.105691
-0.108392
-0.11076
-0.113217
-0.11102
-0.110071
-0.110368
-0.110331
-0.195512
-0.257859
-0.297372
-0.343003
0.359828
0.862109
-0.179694
-0.807761
-0.26593
-0.0375726
-0.122688
-0.123809
-0.11061
-0.101249
-0.095724
-0.0891711
-0.086455
-0.0827108
-0.0779385
-0.0734417
-0.110807
-0.136955
-0.151887
-0.169823
-0.176544
-0.186269
-0.199
-0.210926
0.112808
0.346602
0.490456
0.65841
0.128021
-0.215248
-0.371396
-0.577683
-0.340097
-0.221446
-0.221731
-0.190147
0.553044
1.10556
0.0789646
-0.524509
-0.661151
-0.922881
-0.04524
0.527107
0.00843869
-0.217893
-0.151888
-0.164215
-0.000965029
0.115239
-1.25204
0.432028
-0.196717
-0.205745
-0.214075
-0.222592
0.0591993
0.263203
0.389418
0.536477
0.605748
0.695862
0.806819
0.912191
0.421363
0.0902869
-0.0810383
-0.295169
-0.349548
-0.446732
-0.586722
-0.715242
-0.352316
-0.121073
-0.0215123
0.113333
0.116495
0.154942
0.423427
0.630273
-1.03337
0.920253
0.196584
0.190292
0.219284
0.238822
0.248906
0.261523
0.263378
0.268118
0.439344
0.565959
-0.765225
0.91186
0.309473
0.317868
0.475498
0.593141
-0.596647
0.905519
0.368494
0.377869
0.531748
0.646907
-0.626187
0.781457
0.206077
0.162047
0.144795
0.120368
0.0887653
0.0590854
0.056184
0.0461073
0.0288553
0.013526
-0.00897862
-0.0295606
-0.04822
-0.0673945
-0.0597907
-0.0593622
-0.0661088
-0.0709329
-0.0829322
-0.0930089
-0.101163
-0.109832
-0.125677
-0.139599
-0.151598
-0.164112
-0.321767
-0.440531
0.90134
-0.501165
