0.69632
0.643763
0.632214
0.609678
0.62815
0.635634
0.63213
0.63157
0.672019
0.70148
0.719952
0.741369
0.751797
0.76517
0.781487
0.797015
0.506533
0.298046
0.171554
0.0230915
-0.0433756
-0.131813
-0.242222
-0.346743
-0.369269
-0.413765
-0.480233
-0.540813
-0.623363
-0.700027
-0.770804
-0.843158
-0.59861
-0.438976
-0.364256
-0.266782
-0.254223
-0.218911
-0.160846
-0.108878
0.0903
0.250033
0.370322
0.50118
0.592593
0.694575
0.807126
0.916846
0.825176
0.787468
0.803722
0.805518
0.861275
0.902573
0.929412
0.960126
0.671311
0.468114
0.350535
0.210014
0.15511
0.077265
-0.0235208
-0.11816
-0.236238
-0.348036
-0.453553
-0.560753
-0.661673
-0.764275
-0.86856
-0.972394
-0.671788
-0.479552
-0.395685
-0.28278
-0.278245
-0.244672
-0.182062
-0.127232
-0.0260528
0.0627072
0.139048
0.218716
0.285965
0.356542
0.430446
0.503459
0.564053
0.627974
0.695223
0.76158
0.831265
0.900059
0.967961
1.0361
0.621263
0.335839
0.179828
-0.0108586
-0.0721316
-0.168081
-0.298707
-0.420041
-0.411961
-0.438558
-0.499831
-0.551813
-0.638471
-0.715837
-0.783912
-0.854477
-0.612472
-0.45422
-0.37972
-0.282779
-0.269591
-0.233962
-0.175891
-0.123833
0.0773493
0.238574
0.35984
0.491813
0.583829
0.686551
0.79998
0.91054
0.803525
0.754809
0.764392
0.758354
0.810615
0.847254
0.868273
0.893477
0.598982
0.39015
0.266981
0.120859
0.0603996
-0.0230128
-0.129379
-0.229594
-0.318734
-0.410842
-0.505918
-0.600198
-0.697446
-0.793898
-0.889556
-0.985427
-0.676744
-0.476461
-0.384577
-0.263649
-0.251119
-0.209545
-0.138924
-0.0760865
0.00791733
0.0862497
0.158911
0.233091
0.3016
0.371629
0.443178
0.514319
0.579789
0.646778
0.715287
0.783389
0.853011
0.922225
0.991032
1.05995
0.613584
0.305288
0.135062
-0.0721601
-0.141313
-0.247461
-0.390605
-0.523836
-0.518998
-0.551155
-0.620308
-0.679548
-0.775783
-0.862106
-0.938516
-1.01758
-0.738931
-0.556131
-0.46918
-0.356546
-0.339763
-0.297296
-0.229146
-0.167878
0.0184984
0.171352
0.290683
0.418997
0.513787
0.61756
0.730316
0.840665
0.743176
0.701377
0.715268
0.714237
0.768896
0.808633
0.833447
0.862261
0.585636
0.390853
0.277912
0.143042
0.090013
0.0150549
-0.0818327
-0.172844
-0.297429
-0.413019
-0.519612
-0.628615
-0.728623
-0.831041
-0.935869
-1.04005
-0.735569
-0.540587
-0.455107
-0.340286
-0.334967
-0.300307
-0.236306
-0.180167
-0.11239
-0.0477311
0.0138093
0.0761853
0.135443
0.195536
0.256465
0.31717
0.374756
0.433178
0.492435
0.551469
0.611338
0.670983
0.730405
0.789886
